

 fc1.weight 
[[-0.00209085 -0.00188003  0.01495502 ...  0.0161366   0.0132894
   0.01207663]
 [ 0.03905319  0.0345234   0.02552687 ...  0.00084214 -0.03030095
   0.01056131]
 [-0.01169427  0.01850786  0.00808188 ...  0.02657513 -0.02497987
   0.0048032 ]
 ...
 [ 0.02367534  0.04613307  0.02310126 ...  0.00743424  0.04380124
  -0.00267987]
 [ 0.01771925  0.02579919 -0.02843601 ...  0.01440928  0.03419619
  -0.01289653]
 [ 0.0371406   0.02889642  0.01101799 ...  0.0342319  -0.00344725
   0.00735027]]

 fc1.bias 
[ 4.89646755e-03  1.28704989e-02  1.96267609e-02  1.78601425e-02
 -1.73457582e-02  9.12313932e-04  2.40149777e-02  1.54885519e-02
 -1.40977083e-02 -3.69422399e-02 -1.28619689e-02 -3.53176668e-02
 -3.47236022e-02 -4.66328152e-02 -1.65756289e-02  2.42164321e-02
  6.42025843e-03 -2.27475706e-02 -1.65226385e-02  1.34341931e-02
  2.70085260e-02 -1.78674981e-02 -1.10205989e-02  8.15014355e-03
 -5.89765329e-03 -4.27918620e-02  6.89438591e-03  1.78853981e-02
 -9.28247534e-03 -4.24648374e-02  1.86640695e-02 -3.10157035e-02
  6.67143054e-03 -3.63024808e-02 -4.05913182e-02 -2.74684969e-02
 -4.45880219e-02 -8.71167891e-03  1.60589498e-02  1.44254761e-02
  3.36792842e-02  5.18586766e-03 -3.63964364e-02 -4.01660725e-02
 -1.63287669e-02  1.69399418e-02 -2.61182263e-02 -1.28937969e-02
 -1.29662035e-02  1.79293621e-02 -9.39626712e-03 -1.58712100e-02
  2.19625677e-03 -2.06947164e-03 -3.26339006e-02 -3.20100896e-02
 -2.12061331e-02 -3.02548346e-04 -6.71952206e-04 -1.40176024e-02
 -3.16639356e-02  1.68196391e-02  2.76393890e-02 -2.10829508e-02
 -4.66636159e-02 -3.65988798e-02 -8.53850320e-03 -4.27028090e-02
  8.25983286e-03 -1.66369993e-02  2.76431628e-02 -2.43565463e-03
 -3.61978747e-02 -2.09939890e-02 -6.10052273e-02 -5.36298454e-02
  9.89199150e-04 -9.97570250e-03  1.54267140e-02  2.40197359e-03
 -3.86005379e-02  1.45048462e-03  1.10322535e-02 -2.40188669e-02
  2.27528922e-02 -4.49674716e-03  1.48440702e-02 -2.97354273e-02
  3.36706825e-03 -6.75435131e-03 -3.06414645e-02  2.81890035e-02
 -3.50220241e-02  5.68416761e-03 -2.37518214e-02 -4.36388627e-02
 -4.07722630e-02  2.62780003e-02  1.78243779e-02 -3.80776636e-03
 -4.34948737e-03 -3.46304625e-02  1.37783447e-02  1.45613384e-02
  2.40690960e-03  1.57669634e-02 -3.09660211e-02 -2.47031059e-02
 -4.41279188e-02  1.12104760e-02 -3.99116129e-02  2.06693504e-02
 -4.85971896e-03 -1.52323171e-02 -1.80494245e-02 -8.64574127e-03
 -1.84822977e-02  2.21834071e-02  8.79690796e-03 -1.10926004e-02
  1.70882083e-02 -1.48182772e-02 -7.24775018e-03 -1.05059892e-02
  3.99715863e-02 -1.39333652e-02 -3.72885503e-02 -3.53969969e-02
 -8.13965313e-03 -8.43063183e-03  4.68004309e-03 -1.66173279e-02
 -4.16215993e-02 -1.76294371e-02 -2.38440582e-03 -5.83415776e-02
 -3.10648829e-02 -2.34701298e-02  1.59027129e-02  1.57365948e-02
  1.24428179e-02 -3.42783914e-03 -3.78497094e-02  5.35036530e-03
 -9.94233228e-03  2.75315135e-03 -1.76744014e-02 -2.54934356e-02
  2.09718919e-03 -1.49956262e-02 -1.44533133e-02 -1.44490693e-02
 -4.42458428e-02  3.48745026e-02  2.64236052e-03  3.00520845e-02
 -4.88405535e-03 -1.39102316e-03  3.06692393e-03 -5.20277116e-03
  2.43363302e-05  8.30251351e-03 -1.80456229e-02  1.45679964e-02
  1.49323493e-02 -5.45589905e-03  1.05010439e-02  2.60309670e-02
 -3.86044011e-02  2.54349299e-02  2.35688742e-02 -6.54349895e-03
  3.15422448e-03  1.21550867e-02  3.05958074e-02 -2.17312537e-02
  2.66117249e-02 -2.26529893e-02  9.23693366e-03  4.44774749e-03
 -5.23183169e-03 -4.09347080e-02 -4.11175303e-02 -3.77326496e-02
  2.54731253e-03 -3.64736654e-03 -2.24756747e-02 -1.32541603e-03
 -2.70808693e-02 -3.52093927e-03  2.07680799e-02 -6.99718995e-03
 -4.11620587e-02 -4.43494245e-02 -7.45485444e-03 -3.43226753e-02
 -1.07889799e-02 -3.65372784e-02 -7.66832288e-03 -2.14661062e-02
 -1.44605590e-02 -2.43166238e-02  2.10990719e-02  8.73154402e-03
 -2.04472262e-02 -3.58292013e-02 -6.15015253e-03  1.31079396e-02
 -3.38085853e-02  2.53696665e-02 -3.61880884e-02 -3.76944267e-03
  3.79648269e-03 -4.62691672e-02 -3.61661874e-02 -1.41494432e-02
 -3.72071681e-03 -9.76117700e-03 -9.92000476e-03 -1.93476081e-02
 -3.24794985e-02  2.48012096e-02 -2.66495626e-02  2.38062087e-02
 -4.91521582e-02 -1.73521010e-04  5.99092059e-03 -2.26560608e-02
 -8.65741540e-03  2.60367058e-02  1.51771558e-02 -3.43189128e-02
 -8.58678110e-03 -1.41484579e-02 -1.39084021e-02  4.01637219e-02
 -2.54083071e-02  1.58558367e-03  2.68313624e-02  2.77163908e-02
  9.70377401e-03  5.11003798e-03 -2.43278872e-02 -8.13606475e-03
 -5.07285930e-02 -2.02439842e-04  1.00214593e-02 -1.80166606e-02
 -1.96695812e-02 -3.24423006e-03  6.68438431e-03 -2.73712371e-02
  5.06822893e-04 -2.19029486e-02 -1.25254663e-02 -1.54572574e-03
  9.50718764e-03 -3.06728482e-02 -2.61447150e-02 -2.30837218e-03
 -8.09646212e-03 -4.46070638e-03 -1.79085527e-02 -2.84822006e-02
  1.26235215e-02  1.64740067e-02 -9.63237043e-03 -3.51791047e-02
 -7.28588412e-03 -3.15013863e-02 -2.23285407e-02  2.42478400e-02
 -3.52090187e-02 -3.41864042e-02 -1.04714110e-02  7.61771575e-03
 -1.84710473e-02 -6.49707438e-03 -1.75790153e-02 -1.81547701e-02
 -3.91615182e-02 -1.57360528e-02  2.08964888e-02 -1.39854308e-02
 -6.27454743e-03 -2.53702700e-02  8.48938338e-03 -1.57441162e-02
  1.61122046e-02 -1.41720390e-02 -1.12259639e-02 -2.28317287e-02
  8.63080006e-03  4.12173895e-03 -2.88505964e-02  1.90196168e-02
 -4.06933613e-02 -3.41888890e-02  1.99147337e-03 -2.49883030e-02
  8.88124050e-04 -2.27718055e-02 -1.58919161e-03 -3.17945257e-02
 -2.20415071e-02  2.28750519e-04 -2.40289774e-02 -8.40021577e-03
 -1.26271080e-02  1.67026743e-02  1.04282633e-03  1.01856496e-02
  2.90148822e-03  5.78813627e-03  1.38851320e-02 -1.56929363e-02
 -1.85073249e-03  8.15916620e-03 -2.64252983e-02  3.69574432e-03
 -4.82481457e-02  2.26269141e-02 -1.73686333e-02 -4.05616872e-02
 -2.11739503e-02 -2.30326783e-02 -3.96251716e-02  1.20438682e-02
 -2.89491639e-02 -2.96533899e-03 -2.16307957e-03 -2.20779907e-02
 -3.98683660e-02  9.04223789e-03  1.61174908e-02 -1.72810152e-03
 -1.83568839e-02 -1.59914512e-02 -3.58944461e-02 -3.13802212e-02
  6.38798112e-03 -1.80796124e-02 -1.32647855e-02 -4.27057110e-02
 -2.13463251e-02  5.18049300e-03 -4.40062024e-02  4.93954751e-04
  2.71320548e-02 -4.15324867e-02  6.05902681e-03  1.65055301e-02
 -2.04254175e-03  5.22235222e-03 -3.32217440e-02 -2.24330332e-02
  1.10750487e-04  1.54581079e-02  2.12872047e-02 -5.10130869e-03
 -1.07031465e-02  1.41283427e-03  1.22831133e-03 -6.58328272e-03
  2.63975151e-02 -2.18761358e-02 -1.45425424e-02 -5.30252757e-04
 -1.65760540e-03 -3.70218232e-02 -1.46733467e-02 -2.27535162e-02
  2.44861860e-02  2.29353979e-02 -6.96839625e-03  3.91810294e-03
  1.77938063e-02 -2.61692312e-02  2.20229719e-02 -2.86034644e-02
 -2.58164294e-03 -1.10974954e-02  4.25338105e-04 -1.40907159e-02
 -1.07520176e-02 -6.26255292e-03  1.01237400e-02 -2.71657165e-02
 -2.88702510e-02  1.68227963e-02 -4.92617339e-02 -5.46275452e-03
 -3.51829194e-02 -4.00512777e-02  9.82386991e-03  9.07053612e-03
  4.08394914e-03  1.23842666e-02  4.96304175e-03 -2.83491239e-02
 -4.42007184e-03 -3.24938889e-03  2.04745233e-02  2.70383600e-02
  1.20318001e-02 -1.07396012e-02 -2.66939625e-02  2.66560595e-02
  1.30154192e-02 -8.72784294e-03 -2.73247398e-02  2.69668531e-02
  2.48736120e-03 -1.85154714e-02  7.53867254e-03  1.73004053e-03
 -1.99208222e-03 -5.63606014e-03 -3.64461131e-02 -1.98171381e-02
 -2.41524130e-02 -3.51360776e-02  2.30278727e-03 -1.58384182e-02
 -1.05747748e-02 -2.35205945e-02 -2.63912342e-02  2.00362056e-02
  1.71922147e-02 -2.52493769e-02 -2.18530893e-02  3.08496109e-03
  5.16258925e-03 -1.36235571e-02 -3.17755193e-02 -4.49709734e-03
 -1.16829062e-02  1.09373406e-02 -1.77435949e-02  1.89719349e-02
  1.83246266e-02 -3.76491249e-02  1.41638960e-03  1.34282103e-02
 -2.37581437e-03  5.59981074e-03 -2.96996851e-02 -1.97871542e-03
 -5.71043091e-03 -1.49122737e-02 -2.85623362e-03 -2.64000203e-02
  5.71288820e-03 -3.55742197e-03 -1.28517365e-02 -1.32821500e-02
 -3.33617143e-02 -2.46963594e-02 -6.24126103e-03 -5.09109683e-02
  2.25255489e-02 -1.37521764e-02  1.82241891e-02  1.42484829e-02
 -2.20659506e-02  5.73424250e-03  6.02647476e-03 -1.09072132e-02
 -2.54680924e-02 -1.61280129e-02 -3.57009843e-02 -1.86143238e-02
 -5.15672145e-03  1.86966397e-02  4.77350876e-03  7.87268672e-03
 -4.03101789e-03  7.92888459e-03 -1.22261429e-02 -3.26615907e-02
 -3.27217653e-02  5.15119545e-03 -2.71602608e-02 -1.21590430e-02
 -3.45952399e-02  1.37373479e-02  1.56612992e-02 -3.68127674e-02
 -3.94804664e-02 -4.58604693e-02 -7.12014362e-03 -5.89423068e-03
  6.69965404e-04 -1.86133906e-02  9.32537857e-03  2.88120229e-02
  3.12935747e-02 -5.39527498e-02  3.95099772e-03 -1.60993636e-02
 -2.52877995e-02  1.86965503e-02  7.68049993e-03  8.69521115e-04
 -4.12332229e-02 -8.81234836e-03 -1.00035155e-02 -3.41523141e-02
  8.99326056e-03 -1.42085319e-02 -3.92455906e-02 -1.06819840e-02
 -5.54746054e-02  1.25088505e-02  1.04925456e-02  1.22720655e-02
 -2.82783601e-02 -2.87122242e-02 -4.28960770e-02  1.43697429e-02
 -3.20599563e-02 -2.29176693e-02 -3.19062285e-02 -3.92913707e-02
  1.33007811e-02 -2.98736915e-02 -1.76321156e-02 -4.14304659e-02
 -1.76009685e-02  1.59877762e-02 -3.60057503e-02 -3.89614515e-02
 -2.60277651e-02 -1.83753259e-02 -7.48214079e-03 -4.08376195e-02
 -1.16793877e-02  9.54380911e-03 -4.63435426e-02  7.25703361e-03
 -1.60633791e-02  1.19008282e-02 -1.48699442e-02  2.84332526e-03
  4.03547892e-03  1.56330653e-02  5.98927727e-04  1.26821427e-02
 -6.10223636e-02 -3.64397019e-02 -1.51222041e-02  1.20135527e-02
 -1.88927427e-02  1.02745974e-02 -1.68938860e-02  1.75075466e-03
  1.37014054e-02  1.99983232e-02  3.14734690e-02 -3.67444865e-02
 -7.05241738e-03 -4.39606328e-03 -3.82261723e-02  1.43025648e-02
 -2.49352939e-02  2.96268542e-03  2.02376284e-02  3.21754664e-02
 -2.09526867e-02  1.19908294e-02 -2.20050681e-02  6.15883339e-03
 -2.89771017e-02  5.22905309e-03  1.59068368e-02  5.56595530e-03
 -3.76503989e-02 -8.34222510e-03  8.53582658e-03 -1.81228183e-02
 -4.69664931e-02 -4.23741303e-02 -3.38147394e-02 -2.17859168e-02
  1.90821532e-02 -1.38613582e-02  2.87792180e-03 -1.34939095e-02
  8.94060475e-04 -2.43854243e-02  1.31400852e-02 -1.63225066e-02
 -2.51690652e-02 -5.26925288e-02  1.15188621e-02 -1.03965681e-02
 -3.61789111e-03 -3.07621481e-03 -2.12733671e-02  3.53134796e-02
 -2.99710520e-02  1.65622588e-02 -1.66300274e-02 -1.60275828e-02
  1.50010521e-02 -3.86926755e-02  3.03761545e-03  2.75143441e-02
 -4.15954217e-02 -1.72852781e-02 -1.59207522e-03  1.55182229e-02
  1.68013275e-02  2.48827375e-02  1.81543939e-02 -3.65686323e-03
 -1.89785138e-02 -1.20966043e-03 -2.95606796e-02 -3.45950983e-02
 -1.04130674e-02 -3.37504782e-02 -3.15450206e-02 -6.05082419e-03
 -2.48903148e-02 -3.88008915e-02 -2.52376646e-02 -1.49834994e-02
 -2.04251166e-02 -3.26858833e-02  4.49927477e-03 -1.35217409e-03
  1.19513180e-02 -2.90424787e-02 -2.52250098e-02 -2.26625185e-02
  3.31491865e-02 -3.54196392e-02  1.22128800e-02 -9.74470098e-03
 -3.98311205e-02 -1.79775506e-02 -3.76109104e-03 -4.09765579e-02
  1.24222785e-03 -2.39501018e-02 -2.35774741e-02 -1.07328314e-02
  1.83907542e-02  1.13972407e-02 -1.20448563e-02 -2.85303816e-02
 -3.70613970e-02 -1.81345772e-02 -1.98193286e-02  2.33019702e-02
 -5.95163507e-03 -2.28111632e-02  2.58907937e-02 -4.95175757e-02
 -6.60057086e-03  1.14314584e-02 -2.39747968e-02 -1.07216667e-02
 -3.95077839e-02 -1.07904356e-02 -2.09278864e-04 -5.22154674e-04
  1.76038500e-02 -2.55033970e-02 -1.28157903e-02 -3.33867185e-02
 -1.15762455e-02 -3.79884504e-02 -2.33791731e-02 -1.71394758e-02
 -2.83685941e-02  5.70038334e-03  1.22203417e-02 -1.46285491e-02
 -2.83872951e-02 -2.83179525e-02  1.98635664e-02  6.82256371e-03
  3.25222645e-04  3.33047733e-02 -4.09976840e-02 -1.87318139e-02
 -3.11044939e-02  1.69403311e-02 -3.20491893e-03  1.43146468e-02
  1.50429094e-02 -1.68440957e-02 -1.58487614e-02  2.39038579e-02
  2.24096980e-03 -2.56981347e-02 -8.14223383e-03  1.61167476e-02
  2.76018996e-02  1.76502205e-02 -2.32228474e-03 -9.67035536e-03
  1.22425854e-02 -2.95396652e-02 -3.52823660e-02 -1.21514117e-02
 -1.54252921e-03  5.97086875e-03 -2.87202075e-02 -1.88440494e-02
 -4.30824235e-03 -1.44001283e-02 -3.98991853e-02  1.69859547e-02
 -7.66483694e-03  1.28133483e-02 -4.29985859e-02  1.09216124e-02
 -1.43830627e-02  2.32655890e-02  1.51590002e-03  1.59123950e-02
 -1.99251175e-02 -2.25862730e-02  2.58214902e-02 -1.02484727e-03
 -5.86498121e-04  3.31376796e-04  1.46389920e-02 -2.67291982e-02
  1.79278143e-02  3.83321336e-03 -3.06726489e-02 -8.86069203e-04
 -3.32727432e-02  7.20461970e-03  7.09425472e-03  2.51904991e-03
 -4.59222216e-03  2.04688478e-02 -3.70786455e-03 -1.50560332e-03
 -1.32089842e-03 -2.24458538e-02 -1.11624291e-02 -6.55576400e-03
  1.91317424e-02  3.69361416e-03 -3.45970355e-02 -3.24027501e-02
 -1.33741554e-02 -1.85672808e-02 -1.67995784e-02  1.81007367e-02
 -3.58399493e-03  2.46914439e-02  1.44798858e-02  7.08171341e-04
 -3.88672613e-02  1.02681629e-02 -1.43687604e-02  1.09219281e-02
 -1.84656568e-02  2.45473161e-02  2.64002499e-03 -7.29248719e-03
 -2.95272693e-02 -5.14504872e-03  4.69124969e-03 -4.38014939e-02
 -3.35112549e-02  1.12188691e-02 -2.81292442e-02 -3.80098745e-02
 -2.95492411e-02 -9.24784131e-03  6.28956873e-03  4.85535152e-03
  1.38070546e-02  1.06773963e-02 -3.72017659e-02 -2.97221728e-02
 -4.35862243e-02  7.43338466e-03 -2.68127918e-02 -1.29360892e-02
 -5.42648544e-04 -1.85706597e-02  2.42698193e-03 -2.51281131e-02
  3.73921450e-03  9.57558863e-03 -9.31338593e-03 -1.96343847e-02
 -1.43586248e-02 -5.15347719e-02 -2.58006696e-02 -3.43081951e-02
 -4.10109311e-02  1.84761323e-02 -1.13446554e-02  6.86026085e-03
  1.44622168e-02  1.73217412e-02  2.12711631e-03 -3.93435471e-02
 -5.28056398e-02  3.80771048e-03  1.33062471e-02 -2.52656080e-02
  5.33109671e-03  5.09534404e-03  6.95021218e-03 -3.23368274e-02
 -9.51342285e-03 -1.36016030e-02 -7.89980683e-03  7.81570678e-04
 -3.97950113e-02 -7.48538459e-03 -2.40868535e-02 -3.80845033e-02
 -5.16083557e-03 -3.40895541e-02 -2.04164013e-02 -5.52648790e-02
 -1.45450626e-02 -4.06899489e-04 -6.15192996e-03  5.07735647e-03
 -2.64292043e-02  2.27297768e-02 -1.03800027e-02 -3.45599726e-02
 -2.43156962e-02 -1.21960870e-03  1.01013598e-03  8.55832081e-03
 -2.04134695e-02 -8.70045833e-03 -2.12249104e-02  5.41368220e-03
  2.46500727e-02 -5.53308148e-03 -1.41165880e-02  2.82309353e-02
 -1.79894809e-02  2.43234131e-02 -6.11173101e-02  5.45029854e-03
  1.53232142e-02 -1.16390856e-02 -3.58893275e-02  6.45674113e-03
  8.84801056e-03 -3.70399021e-02 -3.28284316e-02 -4.07420993e-02
  3.60360811e-03 -1.58512983e-02  1.37964794e-02 -9.67168808e-03
 -1.98672153e-02  1.88361537e-02  2.46942583e-02  1.38935037e-02
 -5.21904305e-02 -1.36203533e-02 -2.47297026e-02 -2.45818980e-02
 -1.58878218e-03 -3.02530676e-02  3.12691852e-02 -3.89208943e-02
 -1.05837611e-02 -3.58678885e-02  3.30779813e-02 -4.79807071e-02
  8.26218922e-04 -4.51470613e-02 -9.98406485e-03 -1.86019891e-03
  5.86745050e-03 -4.43002116e-03  2.28155026e-04 -2.57940479e-02
 -1.51800998e-02 -4.42326777e-02 -3.28026004e-02  2.87550176e-03
  1.20743802e-02 -2.96945777e-02 -4.20660228e-02  2.36518886e-02
  1.25195840e-02  2.69754715e-02 -3.47736739e-02 -1.10661918e-02
 -2.21580286e-02 -4.23608385e-02 -2.21353415e-02  1.85549837e-02
 -2.12769527e-02 -7.18704751e-03  7.50670349e-03 -2.04297081e-02
 -3.48092197e-03 -1.15158474e-02 -3.59022841e-02  2.65969224e-02
 -3.09847146e-02 -1.77129935e-02  1.50008397e-02  1.02612907e-02
  9.84976534e-04 -1.36547023e-02 -1.41347863e-03  3.21598202e-02
 -4.34270240e-02 -3.09941750e-02 -2.27649454e-02 -3.03727239e-02
 -6.02083281e-03  1.03413854e-02 -3.60757373e-02 -4.14084084e-02
 -2.05715396e-03 -5.28723039e-02 -3.09899505e-02 -3.06320712e-02
 -4.00987267e-02  4.86977864e-03  1.18812509e-02  1.90491900e-02
  2.94032544e-02 -2.58628353e-02 -4.59831655e-02  1.34609751e-02
  1.14614619e-02 -3.87554280e-02  2.38444936e-02  1.86266992e-02
  3.15859504e-02 -1.34103233e-02 -8.87184124e-03 -2.85122301e-02
  2.90168431e-02 -3.51370946e-02  1.35730328e-02 -3.00752334e-02
 -4.18352894e-02  1.65239498e-02  1.74741074e-02 -4.49968465e-02
 -3.71028036e-02 -1.78129580e-02  3.16395126e-02  5.57569461e-03
 -2.19186172e-02  5.61682694e-03  9.09686647e-03 -2.33346019e-02
 -1.83875319e-02 -3.13326418e-02 -3.98358926e-02 -4.89068553e-02
 -3.75899882e-03 -3.29069532e-02 -4.37324122e-03  1.09555749e-02
 -1.67481638e-02  3.23000131e-03 -1.55800143e-02 -4.38520014e-02
 -2.43954640e-02 -2.38390118e-02 -3.77898142e-02 -2.33982541e-02
  1.66243203e-02  2.17380766e-02 -4.54760864e-02 -5.53626893e-03
 -2.73285713e-02 -3.75834629e-02 -2.90028006e-02 -4.75560315e-02
  5.19893412e-03 -4.67899702e-02 -8.22733436e-03  2.15505343e-02
 -3.18510383e-02 -4.25796807e-02  1.59768369e-02  6.23155385e-03
 -4.34052050e-02 -5.42409942e-02  6.38256967e-03  1.06988363e-02]

 fc2.weight 
[[ 0.01396338  0.01089548 -0.00275929 ...  0.0425407  -0.01624802
  -0.01290104]
 [ 0.00011796  0.00840506 -0.04178597 ... -0.01976442  0.00674568
  -0.02117024]
 [ 0.03088379  0.01150853  0.00894544 ... -0.00970718 -0.00791472
  -0.02685378]
 ...
 [ 0.02221561  0.00471879 -0.00123394 ...  0.02872795  0.03089842
  -0.0087658 ]
 [-0.03602485 -0.0174712  -0.00998466 ...  0.02094451 -0.00656553
  -0.02012653]
 [-0.01747845  0.01694533  0.00103106 ...  0.01389385 -0.01134577
  -0.02771123]]

 fc2.bias 
[-3.64284292e-02  9.31025948e-03 -1.20897982e-02 -3.52995889e-03
 -1.96709391e-02  1.19596785e-02 -2.22575832e-02  7.25792125e-02
  1.94929820e-02  9.64570418e-03 -1.59873776e-02  1.77604426e-02
  1.43342819e-02 -3.39811370e-02 -2.39894781e-02  9.38553512e-02
 -4.07491326e-02  1.67629085e-02 -5.49583882e-02  6.23674318e-02
 -3.26075144e-02 -2.69519296e-02  4.46139425e-02 -2.18980536e-02
 -7.91916810e-03 -4.02570628e-02  3.47083062e-02  7.84459114e-02
  1.20952195e-02  1.48774711e-02 -5.29613905e-02  1.83597859e-02
 -5.26727363e-03 -1.22167766e-02 -4.29744944e-02 -2.22237259e-02
 -3.62703763e-03 -2.27023195e-02  8.50273743e-02 -6.91101188e-03
  1.84215629e-03  4.15758006e-02 -2.71798279e-02  8.01226404e-03
 -4.02314067e-02  1.37704955e-02  4.94695604e-02 -4.38547432e-02
  5.50653078e-02  3.93079855e-02 -5.29855303e-03 -2.98470091e-02
  1.07471971e-02 -1.45113114e-02 -3.10089104e-02 -2.54862458e-02
 -1.73000935e-02 -3.61866876e-02  4.28865813e-02  2.13441886e-02
  1.67390574e-02 -3.23890336e-02 -3.33403097e-03 -1.74225289e-02
 -6.44595027e-02 -5.16484343e-02 -1.71718299e-02 -4.82836962e-02
 -3.76207605e-02 -1.23115238e-02 -1.12342024e-02 -2.31517423e-02
 -1.91300400e-02  2.94551300e-03 -1.65544022e-02  2.86085829e-02
 -3.34417261e-02 -1.89252980e-02 -3.68807502e-02 -1.22544626e-02
 -2.41940208e-02 -4.23442014e-02  6.03868440e-02 -2.49345936e-02
 -1.81577392e-02  4.60932590e-03 -1.75925456e-02 -2.12854464e-02
 -2.53406800e-02 -4.24200669e-03  3.22970189e-02 -1.04978681e-02
  3.07449102e-02 -2.39782389e-02  3.53049971e-02 -6.61240704e-03
 -2.25229450e-02 -3.10489535e-02 -1.23432493e-02 -2.33675297e-02
 -2.45074765e-03 -2.73037702e-02 -3.40338051e-02 -1.61789749e-02
 -3.29847224e-02 -4.29077856e-02 -2.25281063e-02  3.36167030e-02
  3.44149023e-03 -8.65428746e-02 -5.52351251e-02  1.23004029e-02
  3.26448120e-03 -3.08934861e-04  1.34049039e-02  7.16051832e-02
  1.11639677e-02 -6.88970760e-02 -5.74461520e-02 -9.93423909e-03
  4.45137313e-03 -3.01272795e-02 -4.96768102e-04 -4.02622595e-02
  9.99238249e-03 -1.89817213e-02  4.41628369e-03 -5.26280738e-02
  3.93174849e-02  1.45780118e-02 -1.61327031e-02 -2.16542874e-02
 -1.21101029e-02 -2.08273139e-02 -4.50715125e-02 -3.74448821e-02
 -3.03969365e-02  8.45802482e-03 -4.20337692e-02 -5.62185980e-02
  5.68747707e-02 -5.92900962e-02  1.02686873e-02 -6.52199164e-02
 -4.50754352e-02 -1.16551772e-03  1.20659443e-02 -1.71482097e-02
  8.05252418e-03 -2.26162896e-02  7.52132535e-02  8.16399790e-03
  1.15358159e-02 -3.02758031e-02 -4.59486134e-02 -5.47015406e-02
  4.43150848e-02 -2.36944109e-02 -1.99321155e-02 -5.25195226e-02
  2.75915116e-02 -5.31001575e-02  1.45101994e-02  2.24792324e-02
  3.46157104e-02 -2.19405349e-02 -5.16184187e-03 -3.77349816e-02
  1.98379601e-03 -1.15809217e-02  2.31742412e-02  6.80305585e-02
 -2.52475608e-02  1.38744740e-02 -1.88104566e-02 -3.24961580e-02
 -4.48680744e-02  1.33993533e-02 -3.08768619e-02 -8.59895442e-03
 -8.26597959e-03 -5.38637396e-03 -1.26051325e-02 -6.31508604e-02
 -2.14721095e-02  1.25914989e-02  3.18810679e-02  2.31419485e-02
 -1.13827514e-03  2.08161660e-02 -2.40865871e-02  9.87453610e-02
 -3.08674295e-02 -2.98016658e-03  1.63315721e-02 -3.37427342e-03
 -3.05679478e-02 -4.46450859e-02  5.45265675e-02 -3.52219045e-02
  2.36072931e-02 -1.60028674e-02 -3.70071195e-02 -7.36868056e-03
 -1.58269629e-02  8.37460011e-02  5.80895655e-02  6.62570586e-04
 -1.55981979e-03  1.63918119e-02 -2.10479237e-02 -2.09463798e-02
  5.01859281e-03  6.77496791e-02 -3.94744724e-02 -1.97506435e-02
 -2.80181854e-03  1.81571562e-02  7.08271237e-03 -6.05416670e-02
 -1.31242331e-02 -4.89067696e-02  1.48985749e-02  1.70262214e-02
 -3.48126404e-02 -3.72144161e-03  2.85828337e-02  2.16789860e-02
 -1.41365556e-02  1.05890306e-03 -2.33741552e-02 -4.99777421e-02
 -1.82569269e-02 -1.23430016e-02 -2.67028697e-02 -2.41025910e-02
 -2.11743154e-02  1.26030808e-03  8.08777194e-03  4.75967815e-03
 -1.54347643e-02 -2.30268221e-02  1.26222819e-02  2.38933843e-02
  1.64139469e-03  1.60166267e-02  3.87273100e-03 -1.03319295e-01
 -2.54848544e-02 -2.08700495e-03  3.65070216e-02  4.00712714e-02
 -7.74762547e-03  1.88155062e-02 -8.35172161e-02  5.82173392e-02
  7.68452659e-02 -3.22707668e-02 -5.55549702e-03  1.71715748e-02
 -2.05467697e-02  6.73564477e-03  5.88550754e-02 -4.79823686e-02
 -1.85400099e-02  2.30749194e-02  7.28844926e-02  3.95095237e-02
 -3.03943846e-02 -5.52966259e-02  3.28613333e-02  8.44402425e-03
  3.91800422e-03 -2.48168770e-04  8.30174536e-02 -1.56114548e-02
 -5.13474718e-02 -1.28716780e-02  4.78663109e-03  4.17952612e-03
 -2.33256873e-02 -9.16875619e-03 -1.25123726e-04 -2.77683679e-02
 -7.00687841e-02  7.34489709e-02 -3.53892776e-03 -6.78458065e-02
 -1.20589510e-02 -9.07598529e-03  4.67425846e-02  1.34259751e-02
  1.31291505e-02 -2.41672341e-02 -4.06260528e-02  4.59145829e-02
 -3.97743061e-02  1.02172710e-03  2.98000965e-03 -1.33250980e-03
 -7.59365186e-02 -2.60949284e-02  5.75915864e-03 -1.99672747e-02
  5.87793887e-02 -3.22265103e-02  4.38594632e-03  6.23952597e-02
 -2.01012120e-02  3.15112993e-02 -3.27404030e-02 -1.04435254e-02
  1.20582590e-02  4.85103503e-02  2.12117732e-02 -6.30695969e-02
  2.80876160e-02  2.51036091e-03  2.14992203e-02  6.24086894e-03
 -7.66141992e-03 -1.82199534e-02 -2.74987910e-02  2.28718873e-02
 -2.75969133e-02  4.16835351e-03  9.41576902e-03 -7.00761452e-02
  5.63847646e-03 -2.92563979e-02  2.60051843e-02  3.27201709e-02
 -4.12523467e-03  3.66126336e-02 -9.69720259e-03  5.16989715e-02
 -2.73063462e-02  4.22943532e-02 -3.90695818e-02 -2.39328928e-02
  6.19735729e-05  2.56799404e-02 -1.75680071e-02 -9.04526468e-03
  3.41090932e-02  3.53004858e-02  9.08202007e-02 -3.83499973e-02
 -2.83161607e-02 -9.48915631e-03  6.40616613e-03 -3.42817716e-02
 -2.42703184e-02 -1.48381246e-02 -2.04398539e-02 -2.19827946e-02
 -1.07950196e-02  3.83725762e-02  5.70665598e-02  8.26445818e-02
  5.99925313e-03 -2.28786673e-02  1.80119015e-02  1.86397135e-02
  9.98345576e-03  8.47883616e-03  2.57808007e-02 -2.72564273e-02
  5.32804430e-03 -4.28191712e-03  4.55279788e-03  4.59200740e-02
 -2.33940128e-02  3.97256128e-02  3.25311348e-02 -5.01564555e-02
 -5.62230945e-02  8.90931338e-02 -4.90886793e-02  4.82550114e-02
 -2.28299573e-02 -3.37887220e-02 -1.94515102e-03  1.39189772e-02
  3.14518373e-04  3.40886079e-02 -5.99547289e-02 -4.74691018e-02
 -1.15671959e-02 -2.58052517e-02  3.97753082e-02  3.47113726e-03
 -4.97850962e-03  1.95072517e-02  4.67414036e-02  4.74643568e-03
 -2.58932505e-02 -3.40709724e-02  1.07128978e-01 -4.25886996e-02
 -5.27990349e-02 -4.06604186e-02 -3.88078205e-02 -2.00812146e-02
 -6.16517477e-02  2.49109827e-02  4.42223325e-02  1.25857890e-02
 -4.20128442e-02 -2.86858492e-02  6.97819795e-03  2.64821276e-02
  1.96503382e-02  7.06588430e-03 -1.02534108e-02 -1.97280366e-02
  1.16086882e-02 -4.27826494e-03 -1.65664200e-02  1.88492090e-02
 -6.35152906e-02 -3.05393655e-02  8.78769322e-04  5.32578304e-02
  2.11623311e-03 -8.89761671e-02 -2.14874987e-02 -1.74505040e-02
 -7.94561207e-02 -3.82124595e-02  9.72093362e-03  5.38615650e-03
 -8.94054677e-03 -4.92287092e-02 -2.35160235e-02  3.80323045e-02
 -2.46918332e-02 -9.38789453e-03  1.11390827e-02 -4.43604141e-02
 -3.91516276e-02  1.52875986e-02 -7.91944098e-03 -3.80794592e-02
 -2.69876420e-02 -3.01669333e-02 -2.45928168e-02 -2.04611048e-02
  3.99895422e-02 -3.36901620e-02 -2.43707504e-02 -5.03676459e-02
  1.29257394e-02 -5.77635877e-03  1.75320785e-02 -3.12293712e-02
  7.32923299e-03 -3.11519857e-02 -1.60303023e-02 -9.70043839e-05
 -1.98093504e-02  2.28043534e-02  3.29243504e-02  9.91891399e-02
 -1.55684780e-02  1.33079884e-03 -1.87507328e-02  1.53336329e-02
  3.62561382e-02 -1.83657836e-03 -3.49890254e-02 -3.81423347e-02
 -4.71291356e-02 -3.82909067e-02  7.50000551e-02 -2.88297553e-02
 -4.29644026e-02 -1.69476289e-02  2.42335666e-02  7.92262144e-03
 -1.56591348e-02 -2.46401019e-02 -1.39242327e-02  3.32065225e-02
 -3.18301432e-02 -9.30264685e-03  1.91370200e-03  1.75066013e-02
  9.86843258e-02 -1.78947784e-02 -5.62041178e-02 -1.57242846e-02
 -1.01407887e-02  5.89318853e-03  7.02587217e-02 -4.71699089e-02
 -5.88428937e-02 -1.58284549e-02 -1.40943127e-02  2.95994636e-02
  7.02947378e-02 -8.38839710e-02 -2.45361179e-02 -2.74989940e-02
 -1.21593783e-02 -6.40134281e-03  1.16550429e-02 -5.86795807e-02
  3.67360236e-03 -1.39528075e-02 -1.72525365e-02 -2.02954784e-02
 -1.20470123e-02 -1.17307622e-02 -2.42946427e-02 -3.42086703e-03
 -4.31653559e-02  4.30361921e-04  1.08637571e-01  2.39401814e-02
 -6.30244091e-02  6.73249811e-02  4.62706387e-02  4.01086099e-02
 -1.51671022e-02  4.64691110e-02  5.29819466e-02  9.17145226e-04
  6.07647039e-02 -3.06813568e-02 -5.72573103e-04  3.34875360e-02
  5.61698414e-02 -3.88859026e-02 -4.51843590e-02  5.68140596e-02
 -2.97871921e-02 -7.59409228e-03 -4.80972119e-02 -3.00763343e-02
 -3.94952446e-02 -3.98336127e-02  5.34683801e-02  3.22389081e-02
 -9.37095843e-03 -2.83467267e-02 -2.17439071e-03  7.10511231e-05
 -1.82816796e-02 -7.85561502e-02  1.22992555e-02  2.84760650e-02
 -5.47796339e-02 -4.01136391e-02  2.20190659e-02  4.86603566e-03
 -7.85833877e-03  3.01743159e-03 -2.62597459e-04 -5.17871417e-03
  8.92616957e-02  2.05627102e-02 -3.45502459e-02 -1.41683957e-02
  1.29527422e-02 -9.47104360e-04 -3.81036252e-02  6.40532747e-03
 -3.70274596e-02 -4.76753339e-02 -1.74534973e-02  3.27108204e-02
  8.30963254e-02 -2.72972360e-02  1.37148127e-02 -1.91788077e-02
  4.99413796e-02  3.48317847e-02  3.93885225e-02 -2.24857964e-02
 -6.89723855e-03  5.32577336e-02 -1.31808454e-02 -1.45696485e-02
  4.02186438e-02  3.72271724e-02  6.70203939e-02  9.51671600e-02
  2.89088190e-02 -1.84136480e-02  7.63132144e-03 -2.04017456e-03
 -3.82731594e-02  1.49421096e-02  1.98150389e-02  1.57767944e-02
  1.31581898e-03  3.78059074e-02  4.45913058e-03  3.93907428e-02
 -2.83662193e-02 -2.92965919e-02 -3.59420441e-02  4.57781777e-02
  2.71249842e-02  4.32390161e-02 -2.63343807e-02 -4.28636223e-02
  1.37930792e-02  4.35670614e-02  2.58019138e-02 -5.81413880e-02
 -1.18568512e-02  1.41294198e-02 -1.71128009e-03 -7.57334307e-02
 -4.81049152e-04 -2.42354479e-02  6.53971359e-02 -4.15556543e-02
  5.13123088e-02 -6.08108193e-02 -8.08010530e-03  5.66868410e-02
  3.10759097e-02 -1.80654395e-02 -1.63618438e-02 -3.09000108e-02
 -6.90108463e-02 -9.02970601e-03 -2.24062372e-02 -5.72000816e-03
 -5.07974736e-02  6.45303428e-02  1.32944755e-04  2.04751883e-02
 -1.74502898e-02  1.45168351e-02 -5.53752109e-02 -2.29273774e-02
 -3.93321104e-02  3.45562175e-02  1.30302757e-02 -3.29536684e-02
 -3.57178487e-02 -2.90727708e-02 -2.09875149e-03 -2.73658782e-02
  6.02607355e-02  4.05728444e-02  2.32684631e-02 -1.52732769e-03
  4.10259962e-02 -2.15125903e-02 -1.57014523e-02 -8.98949057e-02
 -7.49946805e-03  2.02831868e-02  8.11924413e-02  4.57523298e-03
 -4.54963148e-02  3.27715948e-02 -2.74594910e-02 -4.62586293e-03
 -5.34562431e-02 -3.67310382e-02 -6.89324748e-04 -2.70881448e-02
 -1.39768692e-02 -7.45340134e-04  2.92328205e-02 -2.07570009e-02
 -5.81627265e-02 -1.72975007e-02  3.94564820e-03 -2.13300381e-02
  2.99087446e-02  1.00386085e-03 -6.30318001e-02  1.96757466e-02
 -4.36800756e-02 -1.12010585e-02 -7.41091073e-02 -1.85351614e-02
 -2.10555419e-02  1.83626842e-02  3.33963637e-03  5.77365942e-02
 -3.35386842e-02  5.51458150e-02  8.84566084e-03 -5.39267845e-02
 -4.34368290e-02 -4.56966925e-03 -7.28621185e-02 -5.33425622e-02
 -1.30388150e-02 -2.46847514e-02  1.10782124e-02 -2.21771915e-02
 -3.67750344e-03 -3.68749276e-02  1.82512589e-02 -2.57355627e-02
 -2.67445818e-02  8.49047527e-02 -6.70231646e-04 -6.68021617e-04
 -8.94211605e-03  2.32990980e-02  2.16030292e-02 -4.47751880e-02
 -1.94994621e-02 -1.20423920e-02 -2.13249903e-02  3.35791446e-02
  2.29650307e-02 -2.14448888e-02  3.98470052e-02  7.83469761e-04
 -3.04421633e-02 -4.96994294e-02 -3.32427188e-03 -2.44219061e-02
 -2.99994964e-02  1.43919773e-02  9.45201982e-03 -4.17196490e-02
 -2.69325469e-02 -3.57572315e-03  2.67655477e-02  2.65576728e-02
 -3.68222594e-02 -8.18865316e-04  1.17045920e-02 -2.33089160e-02
 -2.16968488e-02 -8.37797299e-04  7.64877722e-02 -3.06177642e-02
 -2.30719079e-03  7.52012432e-02 -1.72475949e-02  7.44062569e-03
  2.46121045e-02 -6.79384824e-03 -2.74991877e-02  6.51182011e-02
 -3.55707272e-03 -2.86615826e-03  3.39907769e-04 -4.24758298e-04
 -5.02249636e-02 -2.73950640e-02 -4.59862221e-03 -4.27319370e-02
  5.46519198e-02 -2.73249648e-03  5.45635028e-03 -2.06144713e-02
 -1.06701665e-02  2.15741880e-02 -4.56744619e-02 -1.66925378e-02
 -7.19902739e-02  1.70645472e-02 -1.70462932e-02  3.01080029e-02
  6.81398809e-02 -4.12875712e-02 -6.14912882e-02 -3.35406698e-02
 -9.66106728e-03  2.03111693e-02 -7.86772650e-03 -7.10266922e-03
 -1.13933161e-02 -5.94446389e-03 -2.71905679e-02 -3.25500816e-02
 -1.37886582e-02 -3.15011628e-02  5.49431471e-03  1.33708278e-02
  9.18983575e-03  2.45998167e-02 -5.64578176e-02 -2.39019822e-02
  3.39184217e-02 -1.67823825e-02 -5.33715934e-02 -8.82235449e-03
  7.05902427e-02 -1.76800396e-02 -4.56444025e-02  1.05413772e-01
  5.87461479e-02 -7.46002141e-03 -1.53507879e-02 -2.67694723e-02
 -2.54545524e-03 -4.96511646e-02 -2.94100288e-02 -6.76236972e-02
 -9.60051361e-03 -2.51586866e-02 -2.23539397e-02 -1.46848988e-02
  5.78946061e-03  1.81466024e-02 -2.33784243e-02 -7.82258343e-04
 -2.61998735e-02 -2.23894063e-02  3.39222094e-03  3.32395025e-02
 -3.51598710e-02 -6.83781784e-03 -2.38947291e-02 -3.96828763e-02
 -3.81546281e-02 -3.39715779e-02  3.93733792e-02  3.42909880e-02
 -3.77160534e-02 -1.67682450e-02 -3.56036648e-02  1.98990665e-02
 -3.78537476e-02 -8.88274424e-03  2.40331050e-02  1.38850894e-03
  8.35037753e-02 -1.96675323e-02 -5.80408312e-02  3.90489399e-02
 -3.62118408e-02  3.22150439e-02 -2.18676887e-02 -2.73841303e-02
  2.88795624e-02 -5.84972650e-03  2.25117914e-02 -6.95306249e-03
 -3.14848637e-03 -2.78187804e-02 -4.07006405e-02  4.65890653e-02
  4.95846057e-03 -6.62589595e-02 -1.11770695e-02  9.42294952e-03
  2.47574337e-02  4.03975211e-02 -9.06066131e-03 -4.95912284e-02
 -1.58762056e-02  2.30386923e-03 -2.74849981e-02  8.46791954e-04
 -3.43397148e-02 -1.59780122e-02 -1.57329552e-02 -6.05981052e-02
  1.40088741e-02 -4.84709702e-02 -6.52549649e-03  2.11776874e-04
  5.99031849e-03 -7.67747164e-02 -1.20539907e-02 -1.61119865e-03
 -4.08272184e-02 -1.45479403e-02 -4.41033803e-02 -3.50788794e-02
 -2.62833964e-02  8.14815909e-02  1.54241668e-02 -1.33937998e-02
  1.59684476e-02 -2.09821686e-02  5.02049103e-02  8.68518278e-03
 -7.21374853e-03 -5.70017844e-03  4.42563929e-02 -9.29313153e-03
 -4.01901565e-02  1.69553068e-02  1.57325342e-02  8.56876224e-02
  3.58330202e-04 -1.52597548e-02 -1.59517433e-02 -1.05775679e-02
 -2.67505087e-02  7.07966229e-03  5.34001887e-02 -4.75319661e-02
  4.70780544e-02 -2.48118266e-02 -6.61638305e-02 -5.41563854e-02
  1.48958620e-02 -3.75641659e-02 -2.73592491e-02  1.29633136e-02
 -2.21796241e-02  6.83291405e-02 -4.32704650e-02 -5.23232576e-03
 -6.83186203e-03  7.19073229e-03 -3.81817110e-03 -3.56753692e-02
  2.58545531e-03 -1.54078528e-02 -3.98733467e-02 -3.39230783e-02
 -5.20514995e-02 -3.36950645e-03  2.28460450e-02  3.99253517e-02
  3.75171304e-02 -3.60849798e-02 -1.54135348e-02 -8.60312302e-03
 -2.39960346e-02 -1.28025757e-02  4.27370705e-03  9.46121383e-03
 -5.59611954e-02  2.14574896e-02 -3.87484841e-02 -3.21222171e-02
 -2.64713801e-02 -4.85127792e-02  8.27956945e-02 -2.01536976e-02
 -1.26433885e-02 -8.74879211e-03 -2.28823954e-03 -1.42855505e-02
  5.29784989e-03 -3.48974951e-02  2.46650283e-03  2.94619035e-02
  2.48802006e-02  2.80501712e-02  1.41088916e-02 -1.70064103e-02
 -8.73594433e-02 -5.47213899e-03 -2.44646855e-02 -3.58460248e-02
 -3.46172741e-03  1.34408418e-02 -2.48068641e-03  1.20684542e-02
  2.03245748e-02 -2.89906673e-02 -4.64728884e-02  2.13406198e-02
 -6.53379317e-03 -1.35529265e-02  2.06347015e-02  3.32103595e-02
 -1.70758218e-02 -4.00573462e-02 -8.16867594e-03  8.78990442e-03
  8.56426544e-03  6.92411512e-02  2.22304314e-02 -1.65644381e-02
 -2.32935734e-02 -3.20517793e-02 -4.34876839e-03  3.05736028e-02
  7.91959763e-02 -1.11440662e-02  8.06841813e-03 -8.56249873e-03
  9.47755575e-03 -1.00707468e-02 -1.46928802e-02 -3.76225822e-02
  2.73409430e-02 -1.90908480e-02  2.03037988e-02 -4.58610542e-02
 -7.81709049e-03 -5.42988665e-02 -7.71261305e-02 -3.09762061e-02
 -1.26556829e-02 -7.16934737e-04 -5.35516860e-03 -1.73283201e-02]

 fc3.weight 
[[-0.07148908 -0.07628314 -0.03971497 ...  0.00911763 -0.01486343
  -0.10502292]
 [ 0.01516283 -0.09567161  0.00436919 ...  0.01893784  0.01240986
  -0.08222139]
 [-0.12899809 -0.10937147 -0.09507412 ... -0.01198659 -0.02533727
   0.02741574]
 ...
 [-0.00027235  0.05737163  0.04943286 ...  0.01318213 -0.06705885
  -0.03394465]
 [-0.01402197 -0.0826617  -0.0527527  ... -0.00158977 -0.02202038
  -0.08053163]
 [ 0.00337405  0.01478284 -0.13646328 ... -0.01392935 -0.10388997
  -0.10944232]]

 fc3.bias 
[-0.06258522 -0.13026927 -0.05838868 -0.02237074 -0.01037212 -0.09149799
 -0.08153296 -0.08916686  0.1801435   0.06024497]